.Random.seed <-
c(403L, 10L, -903747909L, -213596071L, 821820392L, 2104712726L, 
1493000593L, -916680125L, 1993970002L, 1664296420L, -202200025L, 
-645367683L, 1844618612L, 1795049818L, 370925477L, -764395585L, 
2003424326L, 456479440L, -1930674957L, 2095241745L, -863880128L, 
170029086L, 2014834409L, -780907493L, 1366885418L, -1194141876L, 
1878371599L, -619982779L, 1249950204L, 1245304914L, -828431923L, 
-1928117369L, 947267182L, 1466230344L, 860684363L, 2053491113L, 
-903158536L, -178991066L, 111518017L, 1273568979L, -1249687934L, 
-1032860492L, -351570889L, -1649526995L, -1988774844L, -1398851222L, 
712185301L, 895349615L, -1747916170L, 412519840L, 1398241891L, 
-1827886335L, -1848425872L, -1154597362L, 1602377337L, -974544373L, 
332520250L, -1959493060L, 337658239L, 22170325L, 1542015724L, 
1011792962L, -341372003L, -379246057L, 268529534L, 2133179704L, 
-881100261L, -956144775L, 1559057864L, 1192987126L, -502285263L, 
816889443L, 977289778L, 512249732L, 1982619079L, -1305168739L, 
-382061548L, -1802087750L, 2069508869L, -1323415329L, 1602236774L, 
639530224L, 1415249939L, -2119457359L, -1595629472L, -268702210L, 
-1811678839L, 1628491451L, 134679178L, -275384980L, -1404775697L, 
-2132521691L, 1444928476L, -1541326414L, -1991001939L, 1246718055L, 
1960099726L, 1107519592L, 410203243L, 1881071113L, -1137794920L, 
31214534L, 496107297L, 977128371L, 1954145058L, 570144020L, -87034473L, 
-1407857267L, -579253084L, -2143228278L, -1062492939L, -1356145841L, 
421487702L, 13690624L, 230679107L, 710523361L, -1942725296L, 
1732875182L, -1419144871L, -1181954197L, -1208205606L, -1462677604L, 
955544479L, 1608980981L, -445178740L, 541631842L, -1138804419L, 
185848247L, -1034693026L, -311984232L, 418631419L, -1813338471L, 
1119538984L, -1527224874L, -516625839L, -168410877L, -2056332142L, 
-949448156L, -549344025L, -851033795L, -979782220L, -1421940198L, 
-1580953243L, -1443889153L, -580692346L, 1747627536L, 613577907L, 
-952103087L, -1139531008L, -899565090L, -119217623L, 1385271771L, 
591134442L, 27675788L, -1096109105L, -1672983675L, 1841047612L, 
1534929170L, -1783300595L, 903408967L, -1088297170L, -230679928L, 
1468500875L, 1626164073L, -320469704L, 1777043430L, 1924587393L, 
-1381550317L, 1503617218L, 941849460L, -789641353L, 1661296749L, 
-810238204L, -1192591830L, -712232043L, 295278639L, 125546806L, 
-1016835744L, -1121161309L, 647469249L, -1766307664L, -829696050L, 
1877658425L, 146555723L, 2058500346L, 444260860L, -1279524289L, 
-2014034155L, 372274220L, 1873366274L, 1770382813L, 2138870999L, 
1995366334L, -1454163464L, 413859291L, -17656775L, 1839568264L, 
-2059402954L, -1599440015L, -400426589L, -370653966L, 1942911044L, 
-2053842169L, 1535163101L, -1690524716L, -1407360262L, -2038712763L, 
919408287L, 377238566L, -1453891408L, -1576658605L, 1770456177L, 
1567930784L, -809994946L, -1617947575L, 2110267643L, -1880667958L, 
-765129172L, -1989332433L, 1721576165L, -1784205412L, 197020146L, 
1293821037L, 1619707303L, -1380274226L, -435376856L, 613011243L, 
678081865L, 1590524504L, 1081859808L, -2117188414L, -415089624L, 
54207404L, -1914908996L, -1159923726L, -948090320L, 1551582116L, 
1787903416L, -1104011430L, -632127344L, 1798393724L, -1288784620L, 
-1367459518L, -1158540032L, 860164540L, 1297806672L, 1254998306L, 
919065160L, 465507340L, -600878500L, -1376676398L, -713675264L, 
-2076583596L, -252404504L, -1989211910L, -519419184L, 1502519084L, 
141833460L, -1282650734L, -1504394912L, 743149580L, -301819680L, 
1209534050L, 1899356328L, -1058885556L, -1174960260L, 1828703538L, 
1700851312L, -70916284L, 259234776L, -1700001926L, 2045846576L, 
-1357551684L, -2012255660L, 791521346L, 1964971680L, 1374376636L, 
-681320496L, -659783326L, 1393560296L, -317272884L, -1539646980L, 
-1134726670L, -1303181184L, -1166557708L, -1846031736L, 783918906L, 
-904900272L, 1725132908L, 759657876L, -1638513582L, -167505440L, 
15548620L, 1421806240L, -1625437822L, -1646244632L, 925962988L, 
740264252L, 871490674L, -441446800L, 677086756L, -581863368L, 
-940628710L, 1754063056L, -885957316L, -968507500L, -504918142L, 
-938876992L, 734012988L, -178579056L, -1186040798L, 1957452040L, 
-2046086004L, 1733403420L, 334309522L, -1322919552L, -481510380L, 
1769901864L, -686893510L, -1530224176L, -895839892L, 1290565556L, 
444304914L, -44469280L, 2095592908L, -224078624L, 19054626L, 
2112964392L, 1787651596L, -108551364L, 179713010L, -1635562768L, 
483035716L, 473007704L, -276347078L, 476750832L, -1861093700L, 
1304573204L, -1902341950L, -867533728L, 1370323324L, -1785239600L, 
345352482L, 574275240L, 1379437452L, 328019132L, -1973297358L, 
32969280L, -1714920268L, -495168440L, 1934358970L, 308088336L, 
913602796L, 1721510228L, 96249618L, 2037777824L, -488248628L, 
-1551784352L, -1569353790L, -514145496L, -567378516L, 756388156L, 
-1468731534L, 781451568L, -1908007132L, 36107576L, -399156518L, 
1844320144L, -1031105796L, 1883398036L, -44165054L, 110349568L, 
242052156L, -203129520L, -2090932062L, 593921864L, -1123805428L, 
1425275612L, 1553974098L, -201244032L, 885565524L, 2011577320L, 
-1439238406L, -467097264L, 909132588L, 320698228L, 142078866L, 
243848800L, -1942306932L, -1458281632L, 1408862178L, 930836392L, 
1636752588L, -766816772L, -1827255374L, -1266538000L, 1964296644L, 
1438298456L, 1439442298L, 175731120L, -1223209028L, 1449119828L, 
1717633986L, -1818237920L, -682824516L, 268757584L, 1933430754L, 
1497855592L, -890156468L, -615268100L, 1347547122L, -680837888L, 
1027381108L, 390946824L, -463964742L, -853623344L, 162530284L, 
-1430708332L, 289622994L, -912541856L, -1477659316L, -1751212768L, 
-878996606L, -694711576L, -1762986772L, 496908860L, -1501193358L, 
93866608L, 1115080740L, 1051096888L, 593607834L, 1040102096L, 
-313909060L, 1559275156L, 693855874L, -1717347136L, -262409924L, 
2131624080L, 1337809442L, -1247365624L, -924610292L, 1975968412L, 
1340030482L, 823225728L, -1737560556L, 1450763816L, 773592378L, 
322103248L, 57852524L, -1365883084L, 1474785938L, 418150752L, 
-550379188L, -2099626016L, 906850210L, -34146392L, 841561706L, 
846974111L, -1432003287L, -653973058L, -1732163412L, 223833597L, 
-1803872953L, -1424388560L, 2055182158L, 1073335163L, -1077556003L, 
-1486029558L, -604927960L, 963288209L, -194451325L, -1540224636L, 
1307539378L, -1742456569L, 198277969L, -1201468714L, -888900684L, 
349424581L, -1975530737L, 787241352L, -1016611674L, 1973775443L, 
-682693195L, -1738996974L, 1688981728L, 460739913L, -1618376837L, 
-308764084L, -32789542L, -752795185L, 1915983769L, 780267438L, 
-232409924L, -498905811L, 937803479L, 1212958496L, 1755115646L, 
1299322443L, 334916685L, 958247546L, -444355912L, -1773445023L, 
948380179L, -1700681676L, -800020926L, 458420823L, 1885880737L, 
980517478L, -1708465564L, 617329045L, -100586817L, 348033624L, 
-881932682L, -393782653L, -2017395003L, -1488458782L, 601106000L, 
2107765625L, -812558165L, -1553305572L, 986111818L, 2067945279L, 
-412227191L, -737281634L, 1281175628L, -659523043L, -820389977L, 
-1833342256L, -657130386L, 1763623707L, 2055126141L, 88871530L, 
-1052466424L, 1042082737L, -805839837L, -491375324L, -220540462L, 
1109160487L, 1617190001L, 1324286646L, 1131843156L, -686394651L, 
-121622801L, 1751304744L, 1635049094L, 101800115L, -2083033579L, 
899891314L, 900721856L, -1508941527L, -2013096037L, -1404325780L, 
-671873926L, -1799180881L, 989441209L, -1305880882L, -1419987940L, 
-1023367283L, -1438862857L, -1119853312L, 1659728734L, 854094891L, 
1343105837L, 407410586L, 1189766488L, 473696449L, -2066606221L, 
-2110423916L, -774174430L, -866895817L, 615213313L, -1990820858L, 
2002180676L, 902706037L, 296122079L, 1462268472L, -1100039658L, 
-1243419101L, 593824229L, -1522132990L, 457216624L, -1496139751L, 
327881227L, 627570940L, -2118417110L, 81673055L, -1604416791L, 
1455952382L, 1997725164L, 854805821L, 512210183L, 594261232L, 
1023887502L, 1935721147L, 1703402141L, 850263626L, 1974207592L, 
315743313L, 1184933699L, -122576316L, -1512369934L, 1822973127L, 
